Graph level: 1
Iternation: 1

Entry id:
0: 1920
1: 7625
2: 9304
3: 7625
4: 6090

Candidate id:
0: 166
1: 661
2: 818
3: 661
4: 533

Entry Partial Sum:
0: 25284 13237 9250 8549 18312 16352 32451 6942 16417 5887 21223 17231 1526 7156 8805 11203 
1: 4438 14616 8237 11730 17280 4047 13886 17534 5830 6675 4877 12692 4121 17288 8126 2482 
2: 1851 10258 11759 3337 6471 21731 8567 13867 10621 9595 19244 12903 17243 19380 10807 5502 
3: 2132 15603 23866 12260 20346 6324 18720 13675 11116 6434 4848 15296 16037 8265 2561 17082 
4: 3109 10930 4163 4035 18495 33742 25690 26965 10916 5746 21398 24692 6692 29695 9425 2613 


Entry Distance:
0: 141737
1: 117396
2: 117175
3: 124978
4: 129111
