Graph level: 2
Iternation: 1

Entry id:
0: 9304
1: 9304
2: 1920
3: 9304
4: 1920

Candidate id:
0: 64
1: 64
2: 12
3: 64
4: 12

Entry Partial Sum:
0: 17524 6458 22285 3497 28506 47473 44599 29879 15517 30411 23029 25164 12733 27753 41838 1956 
1: 1918 24018 19177 6655 9314 51215 53172 19605 2023 44663 38820 18140 11872 32944 30717 7933 
2: 7637 39899 28022 20897 11159 63392 24711 31850 6907 60969 41260 13112 5834 16269 12682 16371 
3: 970 13515 25502 6643 8704 55234 41160 30898 5071 45080 45185 35430 8698 28911 39882 5873 
4: 14164 35920 22921 16210 20174 46011 31478 22662 12804 60622 38227 12139 1998 21629 19177 14784 


Entry Distance:
0: 219825
1: 171579
2: 183136
3: 176449
4: 129111
